1.1610e-06,	0.98740
1.6140e-06,	0.98182
2.0110e-06,	0.97624
2.4630e-06,	0.96790
2.9160e-06,	0.95680
3.3120e-06,	0.94020
3.7080e-06,	0.92085
4.1600e-06,	0.90149
4.9510e-06,	0.85450
5.4020e-06,	0.81860
5.8530e-06,	0.78000
6.3040e-06,	0.73580
6.6980e-06,	0.69720
7.1490e-06,	0.65300
7.6570e-06,	0.60610
8.0510e-06,	0.55650
8.5020e-06,	0.52060
9.0100e-06,	0.47920
9.4040e-06,	0.43780
9.8550e-06,	0.40190
1.0310e-05,	0.36870
1.0760e-05,	0.34110
1.1150e-05,	0.31080
1.1660e-05,	0.28860
1.2110e-05,	0.26100
1.2510e-05,	0.24160
1.2960e-05,	0.22230
1.3470e-05,	0.20290
1.3870e-05,	0.18630
1.4720e-05,	0.15860
1.5620e-05,	0.13640
1.6640e-05,	0.11420
1.7490e-05,	0.097500
1.8280e-05,	0.080900
1.9130e-05,	0.072500
2.0040e-05,	0.064000
2.0890e-05,	0.052900
2.1790e-05,	0.047200
2.2640e-05,	0.041600
2.3490e-05,	0.046900
2.4460e-05,	0.030200
2.5190e-05,	0.032900
2.6100e-05,	0.032700
2.7060e-05,	0.029800

