165956
223246
674690
898807
2083723
2098541
2599619
2631746
3655740
3767302
4259036
4680517
4795517
4878308
4951031
5021504
6076125
7332759
8513158
8551570
8884421
9153581
10072817
10278405
10367914
10740194
11095156
11109344
11269809
11405108
11505094
11819911
12154512
13107640
13861489
14718261
14766537
14831880
14942626
15482501
15742150
15940465
16014600
17006620
17161056
17426979
17520823
17678959
18242562
18597511
19911968
19944507
20397975
20873009
20987378
21124574
21281055
21746568
22094849
22516392
22787943
23148992
23616980
23875614
24014859
25022653
25545432
26518091
26526661
26539479
26694461
27154588
27733395
28738043
28981902
29129762
29431036
29964437
30448910
30987015
31705864
32420104
32454264
34033421
34313348
34313370
34525769
34542462
34819604
35404662
36060939
36534904
36559050
36729134
37727531
37995500
38069338
38553347
38651372
39535754
39765616
39803286
39878642
40993364
41410588
41604165
42150440
42154533
42858205
42916195
43135162
43657840
44458887
45670034
45700379
46550470
47385347
47422322
47472221
47544272
47770419
47936015
48419423
48540702
48858706
49218674
49530700
49618761
50282665
50445832
50462802
51156383
51662476
51665429
51848593
51921565
52252334
52258297
52357301
52925069
53152030
53769613
54052394
54100162
54125930
54639164
55630660
55781545
55867441
56218311
56451573
57172112
57391306
57660711
57952898
58046289
58099773
58389001
58683185
59070989
59691632
59961078
60634070
60958281
61435190
61478636
61691447
61699142
61792317
62031090
62396754
62419312
62605450
62808797
63014829
63681317
63790930
64078116
64106969
64822828
64881149
66827735
66949739
67424794
67651937
68391917
69085107
69144984
69431938
69839998
69862730
70161618
70205362
70384842
70521446
70545754
71193936
71579164
72234487
72546994
72790469
73861132
74035506
74714224
75330473
75651399
75727325
75840449
75847764
76468703
77072610
77099229
78084064
78299008
78948673
79206516
79595088
79768935
79845547
79886818
80116772
80553927
80555775
80727437
82151308
82232772
82273632
82408443
82757187
82875051
82986578
83779749
83910616
84823456
85130517
85164472
85269235
85424245
85461426
85521916
86743433
87244415
87371669
88126821
88180923
88187779
88218596
88335529
88614560
88703538
89590827
91104668
91351797
91426048
92483506
92712611
92766619
92906838
93053921
93219785
94266056
94302459
94320292
94643820
94693189
94805205
95304935
95455718
96112948
96166580
96363839
96508446
96788798
97062625
97092173
97099724
97594286
97617226
98029646
98182950
98218954
98234409
98237169
98643539
98689986
98907271
99058994
99212408
99296137
99619516
